H = 10.276, 0.03
K = 10.23, 0.03
J = 10.501, 0.03
W3 = 10.172, 0.065
W2 = 10.223, 0.03
W1 = 10.179, 0.03
ra = 169.446968759
dec = 2.45607837515
parallax = 1.62839169325, 0.745556660405
name = EPIC 201626686
