g = 12.315, 0.03
i = 12.652, 0.03
H = 9.972, 0.03
K = 9.883, 0.03
J = 10.386, 0.03
r = 12.899, 0.03
u = 14.034, 0.03
W2 = 9.873, 0.03
W1 = 9.841, 0.03
W3 = 9.781, 0.051
z = 11.318, 0.03
ra = 167.171201571
dec = 1.57745009943
parallax = 5.21745214782, 0.574283281171
name = EPIC 201569483
