g = 11.791, 0.01
i = 13.443, 0.055
H = 10.276, 0.023
K = 10.23, 0.021
J = 10.501, 0.022
r = 11.435, 0.01
u = 13.037, 0.017
W2 = 10.223, 0.02
W1 = 10.179, 0.021
W3 = 10.172, 0.065
z = 11.448, 0.01
ra = 169.446968759
dec = 2.45607837515
name = EPIC 201626686
parallax = 1.62839169325, 0.745556660405
