H = 10.305, 0.03
K = 10.25, 0.03
J = 10.651, 0.03
W3 = 10.275, 0.087
W2 = 10.23, 0.03
W1 = 10.187, 0.03
ra = 332.664456621
dec = -9.88960395474
parallax = 3.76487106848, 0.844165108944
name = EPIC 206192335
