g = 11.297, 0.03
i = 10.832, 0.03
H = 9.755, 0.03
K = 9.72, 0.03
J = 10.024, 0.03
r = 10.933, 0.03
u = 12.611, 0.03
W2 = 9.714, 0.03
W1 = 9.685, 0.03
W3 = 9.721, 0.047
z = 12.098, 0.03
ra = 208.773762241
dec = -5.44249404991
parallax = 2.55810992108, 0.337169914823
name = EPIC 212803289
