H = 9.755, 0.03
K = 9.72, 0.03
J = 10.024, 0.03
W3 = 9.721, 0.047
W2 = 9.714, 0.03
W1 = 9.685, 0.03
ra = 208.773762241
dec = -5.44249404991
parallax = 2.55810992108, 0.337169914823
name = EPIC 212803289
