H = 9.447, 0.03
K = 9.41, 0.03
J = 9.834, 0.03
W3 = 9.358, 0.034
W2 = 9.392, 0.03
W1 = 9.353, 0.03
ra = 205.363064139
dec = -13.160870376
parallax = 6.85963112122, 0.417964233575
name = EPIC 212480208
