H = 8.02, 0.046
K = 7.875, 0.027
J = 8.597, 0.029
W3 = 7.811, 0.02
W2 = 7.865, 0.021
W1 = 7.767, 0.027
ra = 336.152312432
dec = -11.5792978646
parallax = 20.0832846901, 0.247967504467
name = EPIC 206119924
