H = 10.821, 0.03
K = 10.773, 0.03
J = 11.095, 0.03
W3 = 10.768, 0.088
W2 = 10.766, 0.03
W1 = 10.735, 0.03
ra = 210.547024671
dec = -15.0694946219
parallax = 2.93723129423, 0.406010586054
name = EPIC 212393193
