H = 9.724, 0.03
K = 9.623, 0.03
J = 10.109, 0.03
W3 = 9.423, 0.046
W2 = 9.553, 0.03
W1 = 9.559, 0.03
ra = 238.819707704
dec = -21.0269662166
parallax = 5.57062932429, 0.563301014685
name = EPIC 204750116
