H = 10.227, 0.042
K = 9.933, 0.03
J = 10.494, 0.032
W3 = 9.982, 0.058
W2 = 9.866, 0.03
W1 = 9.82, 0.03
ra = 175.654159215
dec = 5.89423026074
parallax = 5.06120275692, 0.837202709083
name = EPIC 201828749
