g = 11.354, 0.03
i = 10.698, 0.03
H = 9.364, 0.03
K = 9.259, 0.03
J = 9.698, 0.03
r = 10.867, 0.03
u = 12.679, 0.03
W2 = 9.251, 0.03
W1 = 9.237, 0.03
W3 = 9.162, 0.033
z = 11.702, 0.03
ra = 95.1830835396
dec = 24.9042623625
parallax = 4.60721931686, 0.279712237942
name = EPIC 202071289
