H = 10.443, 0.03
K = 10.396, 0.03
J = 10.775, 0.03
W3 = 10.381, 0.064
W2 = 10.343, 0.03
W1 = 10.323, 0.03
ra = 203.758193317
dec = -17.5034955594
parallax = 3.51349983188, 0.331543570608
name = EPIC 212300977
