H = 10.71, 0.03
K = 10.586, 0.03
J = 10.948, 0.03
W3 = 10.565, 0.086
W2 = 10.579, 0.03
W1 = 10.568, 0.03
ra = 239.879205668
dec = -26.6043654545
parallax = 1.90944387074, 0.225241436552
name = EPIC 203294831
