H = 9.549, 0.03
K = 9.539, 0.02
J = 9.665, 0.026
W3 = 9.381, 0.044
W2 = 9.534, 0.02
W1 = 9.508, 0.023
ra = 93.5717919877
dec = 18.6270162695
name = EPIC 202071635
parallax = 0.521950212431, 0.25849610943
