H = 11.217, 0.03
K = 11.148, 0.03
J = 11.36, 0.03
W3 = 11.428, 0.206
W2 = 11.076, 0.03
W1 = 11.065, 0.03
ra = 91.5042036065
dec = 22.8917650769
parallax = 0.591317818189, 0.346545863253
name = EPIC 202064253
