g = 13.759, 0.03
i = 12.209, 0.03
H = 11.217, 0.03
K = 11.148, 0.03
J = 11.36, 0.03
r = 12.322, 0.03
u = 13.865, 0.03
W2 = 11.076, 0.03
W1 = 11.065, 0.03
W3 = 11.428, 0.206
z = 12.136, 0.03
ra = 91.5042036065
dec = 22.8917650769
parallax = 0.591317818189, 0.346545863253
name = EPIC 202064253
