H = 10.588, 0.03
K = 10.519, 0.03
J = 10.786, 0.03
W3 = 10.413, 0.085
W2 = 10.476, 0.03
W1 = 10.451, 0.03
ra = 252.422759455
dec = -24.3737861992
parallax = 2.19908112062, 0.980145413617
name = EPIC 203929178
