H = 10.413, 0.025
K = 10.298, 0.023
J = 10.572, 0.023
W3 = 10.309, 0.095
W2 = 10.251, 0.019
W1 = 10.231, 0.023
ra = 244.820708093
dec = -21.4599994304
parallax = 2.26245490597, 0.252584338456
name = EPIC 204649811
