g = 10.396, 0.03
i = 9.946, 0.03
H = 8.908, 0.03
K = 8.837, 0.03
J = 9.144, 0.03
r = 10.044, 0.03
u = 11.941, 0.03
W2 = 8.844, 0.03
W1 = 8.822, 0.03
W3 = 8.81, 0.03
z = 10.174, 0.03
ra = 136.574186428
dec = 19.4020624001
parallax = 6.04295928884, 0.62501548066
name = EPIC 211945201
