H = 10.799, 0.023
K = 10.764, 0.023
J = 11.11, 0.026
W3 = 10.676, 0.092
W2 = 10.754, 0.021
W1 = 10.708, 0.024
ra = 201.655156752
dec = -8.31763407925
name = EPIC 212697709
parallax = 3.75952432773, 0.663525736086
