H = 8.748, 0.071
K = 8.687, 0.024
J = 9.081, 0.034
W3 = 8.649, 0.024
W2 = 8.675, 0.02
W1 = 8.63, 0.023
ra = 202.016203892
dec = -15.9379700821
name = EPIC 212357477
parallax = 8.54387308135, 0.287339420865
