H = 10.091, 0.03
K = 9.994, 0.03
J = 10.431, 0.03
W3 = 9.939, 0.052
W2 = 10.022, 0.03
W1 = 9.971, 0.03
ra = 204.779305667
dec = -6.0417517383
parallax = 5.27027813372, 0.325172336725
name = EPIC 212782836
