H = 9.881, 0.03
K = 9.83, 0.03
J = 10.068, 0.03
W3 = 9.83, 0.069
W2 = 9.833, 0.03
W1 = 9.799, 0.03
ra = 100.848015052
dec = 27.2521855684
parallax = 3.13002479368, 0.233386687078
name = EPIC 202126852
