H = 9.887, 0.056
K = 9.712, 0.036
J = 10.231, 0.044
W3 = 9.33, 0.039
W2 = 9.304, 0.03
W1 = 9.265, 0.03
ra = 249.025172681
dec = -19.7445327851
parallax = 4.75229746192, 0.303401810435
name = EPIC 205029914
