H = 10.71, 0.023
K = 10.586, 0.019
J = 10.948, 0.023
W3 = 10.565, 0.086
W2 = 10.579, 0.02
W1 = 10.568, 0.023
ra = 239.879205668
dec = -26.6043654545
name = EPIC 203294831
parallax = 1.90944387074, 0.225241436552
