g = 10.722, 0.01
i = 8.689, 0.01
H = 6.144, 0.034
K = 5.883, 0.029
J = 6.928, 0.02
r = 9.412, 0.01
u = 14.371, 0.013
W2 = 5.903, 0.04
W1 = 5.843, 0.111
W3 = 5.832, 0.016
z = 9.024, 0.01
ra = 126.898145201
dec = 10.5065615844
name = EPIC 211333233
parallax = 0.727190640872, 0.655540820163
