H = 10.443, 0.023
K = 10.396, 0.024
J = 10.775, 0.027
W3 = 10.381, 0.064
W2 = 10.343, 0.02
W1 = 10.323, 0.023
ra = 203.758193317
dec = -17.5034955594
name = EPIC 212300977
parallax = 3.51349983188, 0.331543570608
