H = 10.173, 0.03
K = 10.091, 0.03
J = 10.541, 0.03
W3 = 10.128, 0.064
W2 = 10.121, 0.03
W1 = 10.058, 0.03
ra = 125.420297727
dec = 13.4975127434
parallax = 4.28777354532, 0.466564250457
name = EPIC 211525389
