g = 9.688, 0.01
i = 9.077, 0.01
H = 7.998, 0.02
K = 7.949, 0.026
J = 8.277, 0.023
r = 9.173, 0.01
u = 12.748, 0.01
W2 = 7.913, 0.02
W1 = 7.881, 0.026
W3 = 7.89, 0.027
z = 9.912, 0.01
ra = 128.852336446
dec = 12.0113359952
name = EPIC 211424769
parallax = 8.33153262944, 0.342717669843
