H = 7.325, 0.051
K = 7.211, 0.03
J = 7.519, 0.03
W3 = 7.272, 0.03
W2 = 7.247, 0.03
W1 = 7.108, 0.037
ra = 168.187491495
dec = 0.347877785776
parallax = 7.00428431816, 0.321556328341
name = EPIC 201488365
