g = 8.772, 0.03
i = 14.509, 1.086
H = 7.325, 0.051
K = 7.211, 0.03
J = 7.519, 0.03
r = 8.331, 0.03
u = 10.219, 0.03
W2 = 7.247, 0.03
W1 = 7.108, 0.037
W3 = 7.272, 0.03
z = 8.566, 0.03
ra = 168.187491495
dec = 0.347877785776
parallax = 7.00428431816, 0.321556328341
name = EPIC 201488365
