g = 15.726, 0.016
i = 15.787, 0.025
H = 10.444, 0.019
K = 10.4, 0.017
J = 10.692, 0.021
r = 15.009, 0.022
u = 13.26, 0.017
W2 = 10.416, 0.02
W1 = 10.365, 0.022
W3 = 10.367, 0.076
z = 14.045, 0.021
ra = 132.547985148
dec = 17.7992828393
name = EPIC 211834065
parallax = 2.62092541728, 0.896231289825
