H = 9.479, 0.03
K = 9.368, 0.03
J = 9.994, 0.03
W3 = 9.284, 0.037
W2 = 9.386, 0.03
W1 = 9.284, 0.03
ra = 178.161127537
dec = -3.09490923976
parallax = 1.4560728539, 0.628150661164
name = EPIC 201257461
