g = 12.301, 0.03
i = 12.786, 0.03
H = 9.479, 0.03
K = 9.368, 0.03
J = 9.994, 0.03
r = 13.281, 0.03
u = 14.61, 0.03
W2 = 9.386, 0.03
W1 = 9.284, 0.03
W3 = 9.284, 0.037
z = 11.103, 0.03
ra = 178.161127537
dec = -3.09490923976
parallax = 1.4560728539, 0.628150661164
name = EPIC 201257461
