g = 13.621, 0.01
i = 10.95, 0.01
H = 9.346, 0.027
K = 9.27, 0.021
J = 9.817, 0.024
r = 11.213, 0.01
u = 13.571, 0.01
W2 = 9.233, 0.021
W1 = 9.162, 0.023
W3 = 9.181, 0.036
z = 12.112, 0.01
ra = 174.31448729
dec = 0.78299116992
name = EPIC 201516974
parallax = 1.13827022167, 0.976044060255
