H = 6.144, 0.034
K = 5.883, 0.03
J = 6.928, 0.03
W3 = 5.832, 0.03
W2 = 5.903, 0.04
W1 = 5.843, 0.111
ra = 126.898145201
dec = 10.5065615844
parallax = 0.727190640872, 0.655540820163
name = EPIC 211333233
