H = 6.974, 0.038
K = 6.887, 0.034
J = 7.202, 0.021
W3 = 6.906, 0.017
W2 = 6.866, 0.02
W1 = 6.81, 0.055
ra = 336.576112679
dec = -18.0116491397
parallax = 12.4061512496, 0.373896350773
name = EPIC 205904628
