H = 10.821, 0.023
K = 10.773, 0.019
J = 11.095, 0.026
W3 = 10.768, 0.088
W2 = 10.766, 0.021
W1 = 10.735, 0.022
ra = 210.547024671
dec = -15.0694946219
name = EPIC 212393193
parallax = 2.93723129423, 0.406010586054
