g = 11.047, 0.01
i = 10.306, 0.01
H = 8.998, 0.022
K = 8.873, 0.023
J = 9.343, 0.022
r = 10.494, 0.01
u = 12.643, 0.015
W2 = 8.839, 0.021
W1 = 8.803, 0.023
W3 = 8.785, 0.033
z = 10.392, 0.01
ra = 128.073192993
dec = 22.0057996908
parallax = 8.41198779361, 0.441300956288
name = EPIC 212099230
