g = 10.319, 0.01
i = 9.78, 0.01
H = 8.674, 0.026
K = 8.626, 0.024
J = 8.928, 0.027
r = 9.891, 0.01
u = 11.62, 0.01
W2 = 8.609, 0.02
W1 = 8.552, 0.023
W3 = 8.557, 0.03
z = 9.928, 0.01
ra = 130.235198411
dec = 10.4224829682
parallax = 7.19937394995, 0.716861519246
name = EPIC 211328748
