g = 10.319, 0.03
i = 9.78, 0.03
H = 8.674, 0.03
K = 8.626, 0.03
J = 8.928, 0.03
r = 9.891, 0.03
u = 11.62, 0.03
W2 = 8.609, 0.03
W1 = 8.552, 0.03
W3 = 8.557, 0.03
z = 9.928, 0.03
ra = 130.235198411
dec = 10.4224829682
parallax = 7.19937394995, 0.716861519246
name = EPIC 211328748
