H = 9.406, 0.022
K = 9.331, 0.021
J = 9.558, 0.02
W3 = 9.26, 0.039
W2 = 9.312, 0.02
W1 = 9.3, 0.024
ra = 96.5995006795
dec = 27.9455988399
name = EPIC 202072965
parallax = 2.28546368073, 0.269434205264
