g = 11.297, 0.01
i = 10.832, 0.01
H = 9.755, 0.022
K = 9.72, 0.021
J = 10.024, 0.022
r = 10.933, 0.01
u = 12.611, 0.025
W2 = 9.714, 0.02
W1 = 9.685, 0.021
W3 = 9.721, 0.047
z = 12.098, 0.01
ra = 208.773762241
dec = -5.44249404991
name = EPIC 212803289
parallax = 2.55810992108, 0.337169914823
