g = 11.872, 0.01
i = 11.406, 0.01
H = 10.317, 0.032
K = 10.266, 0.02
J = 10.577, 0.027
r = 11.505, 0.01
u = 13.014, 0.014
W2 = 10.258, 0.02
W1 = 10.237, 0.022
W3 = 10.315, 0.099
z = 11.396, 0.012
ra = 91.453575611
dec = 23.4845217014
name = EPIC 202089657
parallax = 2.67618505184, 0.236039487364
