g = 15.707, 0.11
i = 15.538, 0.193
H = 9.881, 0.017
K = 9.83, 0.016
J = 10.068, 0.021
r = 15.251, 0.103
u = 12.459, 0.012
W2 = 9.833, 0.021
W1 = 9.799, 0.023
W3 = 9.83, 0.069
z = 13.92, 0.119
ra = 100.848015052
dec = 27.2521855684
name = EPIC 202126852
parallax = 3.13002479368, 0.233386687078
