H = 9.294, 0.03
K = 9.18, 0.03
J = 9.635, 0.03
W3 = 9.105, 0.036
W2 = 9.166, 0.03
W1 = 9.122, 0.03
ra = 242.573464954
dec = -24.9905949453
parallax = 6.07607567727, 0.257467892038
name = EPIC 203771098
