g = 12.315, 0.01
i = 12.652, 0.01
H = 9.972, 0.026
K = 9.883, 0.023
J = 10.386, 0.024
r = 12.899, 0.01
u = 14.034, 0.022
W2 = 9.873, 0.02
W1 = 9.841, 0.022
W3 = 9.781, 0.051
z = 11.318, 0.021
ra = 167.171201571
dec = 1.57745009943
name = EPIC 201569483
parallax = 5.21745214782, 0.574283281171
