g = 12.052, 0.01
i = 11.357, 0.01
H = 10.227, 0.042
K = 9.933, 0.028
J = 10.494, 0.032
r = 11.55, 0.01
u = 13.497, 0.031
W2 = 9.866, 0.021
W1 = 9.82, 0.023
W3 = 9.982, 0.058
z = 11.367, 0.023
ra = 175.654159215
dec = 5.89423026074
name = EPIC 201828749
parallax = 5.06120275692, 0.837202709083
