H = 8.457, 0.033
K = 8.344, 0.024
J = 8.967, 0.035
W3 = 8.206, 0.023
W2 = 8.353, 0.02
W1 = 8.298, 0.022
ra = 333.21252056
dec = -10.9261372914
parallax = 15.5931627265, 0.275798770256
name = EPIC 206144956
