H = 10.317, 0.032
K = 10.266, 0.03
J = 10.577, 0.03
W3 = 10.315, 0.099
W2 = 10.258, 0.03
W1 = 10.237, 0.03
ra = 91.453575611
dec = 23.4845217014
parallax = 2.67618505184, 0.236039487364
name = EPIC 202089657
