g = 11.872, 0.03
i = 11.406, 0.03
H = 10.317, 0.032
K = 10.266, 0.03
J = 10.577, 0.03
r = 11.505, 0.03
u = 13.014, 0.03
W2 = 10.258, 0.03
W1 = 10.237, 0.03
W3 = 10.315, 0.099
z = 11.396, 0.03
ra = 91.453575611
dec = 23.4845217014
parallax = 2.67618505184, 0.236039487364
name = EPIC 202089657
