H = 8.942, 0.047
K = 8.866, 0.019
J = 9.318, 0.024
W3 = 8.811, 0.065
W2 = 8.859, 0.022
W1 = 8.817, 0.024
ra = 245.440559189
dec = -23.5482599081
name = EPIC 204129699
parallax = 9.516742292, 0.475802115595
