H = 10.911, 0.03
K = 10.857, 0.03
J = 11.181, 0.03
W3 = 10.767, 0.094
W2 = 10.853, 0.03
W1 = 10.802, 0.03
ra = 205.444514786
dec = -10.8625434571
parallax = 2.68047123242, 0.612758358217
name = EPIC 212587672
