H = 10.911, 0.022
K = 10.857, 0.021
J = 11.181, 0.023
W3 = 10.767, 0.094
W2 = 10.853, 0.021
W1 = 10.802, 0.024
ra = 205.444514786
dec = -10.8625434571
parallax = 2.68047123242, 0.612758358217
name = EPIC 212587672
