H = 10.444, 0.03
K = 10.4, 0.03
J = 10.692, 0.03
W3 = 10.367, 0.076
W2 = 10.416, 0.03
W1 = 10.365, 0.03
ra = 132.547985148
dec = 17.7992828393
parallax = 2.62092541728, 0.896231289825
name = EPIC 211834065
