g = 10.7, 0.01
i = 9.892, 0.01
H = 8.513, 0.021
K = 8.38, 0.02
J = 8.92, 0.019
r = 10.098, 0.01
u = 13.096, 0.01
W2 = 8.385, 0.021
W1 = 8.336, 0.023
W3 = 8.375, 0.027
z = 10.108, 0.01
ra = 129.140509808
dec = 14.4618843316
parallax = 13.753747101, 0.618088874785
name = EPIC 211594205
