g = 10.7, 0.03
i = 9.892, 0.03
H = 8.513, 0.03
K = 8.38, 0.03
J = 8.92, 0.03
r = 10.098, 0.03
u = 13.096, 0.03
W2 = 8.385, 0.03
W1 = 8.336, 0.03
W3 = 8.375, 0.03
z = 10.108, 0.03
ra = 129.140509808
dec = 14.4618843316
parallax = 13.753747101, 0.618088874785
name = EPIC 211594205
