H = 9.549, 0.03
K = 9.539, 0.03
J = 9.665, 0.03
W3 = 9.381, 0.044
W2 = 9.534, 0.03
W1 = 9.508, 0.03
ra = 93.5717919877
dec = 18.6270162695
parallax = 0.521950212431, 0.25849610943
name = EPIC 202071635
