H = 9.962, 0.03
K = 9.856, 0.03
J = 9.958, 0.03
W3 = 9.77, 0.055
W2 = 9.82, 0.03
W1 = 9.815, 0.03
ra = 97.7746693142
dec = 17.7011898582
parallax = 2.69876774746, 0.248823245045
name = EPIC 202071645
