g = 8.738, 0.01
i = 8.893, 0.01
H = 5.585, 0.017
K = 5.495, 0.024
J = 5.963, 0.019
r = 8.74, 0.01
u = 10.83, 0.011
W2 = 5.309, 0.055
W1 = 5.445, 0.172
W3 = 5.476, 0.015
z = 8.838, 0.01
ra = 126.20493645
dec = 20.1529641624
parallax = 3.45507921426, 0.280694401932
name = EPIC 211993818
