H = 5.585, 0.03
K = 5.495, 0.03
J = 5.963, 0.03
W3 = 5.476, 0.03
W2 = 5.309, 0.055
W1 = 5.445, 0.172
ra = 126.20493645
dec = 20.1529641624
parallax = 3.45507921426, 0.280694401932
name = EPIC 211993818
