H = 10.258, 0.03
K = 10.193, 0.03
J = 10.528, 0.03
W3 = 10.159, 0.069
W2 = 10.207, 0.03
W1 = 10.174, 0.03
ra = 127.578725307
dec = 22.2359192758
parallax = 3.27623227984, 0.678035616408
name = EPIC 212110888
