g = 11.875, 0.01
i = 11.316, 0.01
H = 10.258, 0.022
K = 10.193, 0.017
J = 10.528, 0.025
r = 11.418, 0.01
u = 12.963, 0.017
W2 = 10.207, 0.02
W1 = 10.174, 0.023
W3 = 10.159, 0.069
z = 12.454, 0.01
ra = 127.578725307
dec = 22.2359192758
parallax = 3.27623227984, 0.678035616408
name = EPIC 212110888
