H = 9.313, 0.024
K = 9.228, 0.021
J = 9.741, 0.024
W3 = 9.157, 0.031
W2 = 9.216, 0.021
W1 = 9.179, 0.023
ra = 198.843686584
dec = -6.46498578315
parallax = 9.52657754267, 0.592749530841
name = EPIC 212768333
