g = 11.531, 0.01
i = 11.03, 0.01
H = 9.869, 0.024
K = 9.802, 0.021
J = 10.129, 0.022
r = 11.157, 0.01
u = 12.641, 0.016
W2 = 9.769, 0.02
W1 = 9.74, 0.022
W3 = 9.739, 0.044
z = 10.978, 0.01
ra = 168.542773479
dec = 4.9881154384
parallax = 1.8083030545, 0.807021036993
name = EPIC 201779067
