g = 11.531, 0.03
i = 11.03, 0.03
H = 9.869, 0.03
K = 9.802, 0.03
J = 10.129, 0.03
r = 11.157, 0.03
u = 12.641, 0.03
W2 = 9.769, 0.03
W1 = 9.74, 0.03
W3 = 9.739, 0.044
z = 10.978, 0.03
ra = 168.542773479
dec = 4.9881154384
parallax = 1.8083030545, 0.807021036993
name = EPIC 201779067
