H = 9.312, 0.022
K = 9.259, 0.027
J = 9.726, 0.026
W3 = 9.162, 0.04
W2 = 9.213, 0.02
W1 = 9.178, 0.022
ra = 342.031645063
dec = -14.4947756616
name = EPIC 206011496
parallax = 6.97342287896, 0.52809899058
