g = 12.454, 0.01
i = 11.48, 0.01
H = 10.173, 0.025
K = 10.091, 0.019
J = 10.541, 0.02
r = 11.655, 0.01
u = 13.999, 0.029
W2 = 10.121, 0.021
W1 = 10.058, 0.023
W3 = 10.128, 0.064
z = 12.015, 0.01
ra = 125.420297727
dec = 13.4975127434
name = EPIC 211525389
parallax = 4.28777354532, 0.466564250457
