g = 13.621, 0.03
i = 10.95, 0.03
H = 9.346, 0.03
K = 9.27, 0.03
J = 9.817, 0.03
r = 11.213, 0.03
u = 13.571, 0.03
W2 = 9.233, 0.03
W1 = 9.162, 0.03
W3 = 9.181, 0.036
z = 12.112, 0.03
ra = 174.31448729
dec = 0.78299116992
parallax = 1.13827022167, 0.976044060255
name = EPIC 201516974
