H = 7.998, 0.03
K = 7.949, 0.03
J = 8.277, 0.03
W3 = 7.89, 0.03
W2 = 7.913, 0.03
W1 = 7.881, 0.03
ra = 128.852336446
dec = 12.0113359952
parallax = 8.33153262944, 0.342717669843
name = EPIC 211424769
