H = 10.701, 0.025
K = 10.589, 0.021
J = 11.038, 0.022
W3 = 10.558, 0.075
W2 = 10.606, 0.021
W1 = 10.55, 0.023
ra = 203.621436877
dec = -15.0365084697
name = EPIC 212394689
parallax = 4.67079357869, 0.302871071646
