H = 10.588, 0.024
K = 10.519, 0.02
J = 10.786, 0.021
W3 = 10.413, 0.085
W2 = 10.476, 0.021
W1 = 10.451, 0.022
ra = 252.422759455
dec = -24.3737861992
name = EPIC 203929178
parallax = 2.19908112062, 0.980145413617
