H = 10.701, 0.03
K = 10.589, 0.03
J = 11.038, 0.03
W3 = 10.558, 0.075
W2 = 10.606, 0.03
W1 = 10.55, 0.03
ra = 203.621436877
dec = -15.0365084697
parallax = 4.67079357869, 0.302871071646
name = EPIC 212394689
