H = 9.6, 0.026
K = 9.47, 0.021
J = 9.911, 0.024
W3 = 9.364, 0.041
W2 = 9.466, 0.021
W1 = 9.42, 0.023
ra = 240.033318419
dec = -23.1894144436
parallax = 4.2490066439, 0.653671856396
name = EPIC 204221263
