g = 12.926, 0.03
i = 12.433, 0.03
H = 11.304, 0.03
K = 11.284, 0.03
J = 11.598, 0.03
r = 12.544, 0.03
u = 13.992, 0.03
W2 = 11.19, 0.03
W1 = 11.17, 0.03
W3 = 11.21, 0.174
z = 12.391, 0.03
ra = 344.016322239
dec = -10.3323139175
parallax = 2.04503770933, 0.598564766236
name = EPIC 206169375
