H = 10.305, 0.023
K = 10.25, 0.019
J = 10.651, 0.024
W3 = 10.275, 0.087
W2 = 10.23, 0.02
W1 = 10.187, 0.023
ra = 332.664456621
dec = -9.88960395474
name = EPIC 206192335
parallax = 3.76487106848, 0.844165108944
