g = 13.759, 0.01
i = 12.209, 0.01
H = 11.217, 0.021
K = 11.148, 0.018
J = 11.36, 0.021
r = 12.322, 0.01
u = 13.865, 0.016
W2 = 11.076, 0.021
W1 = 11.065, 0.024
W3 = 11.428, 0.206
z = 12.136, 0.013
ra = 91.5042036065
dec = 22.8917650769
name = EPIC 202064253
parallax = 0.591317818189, 0.346545863253
