H = 8.46, 0.057
K = 8.412, 0.03
J = 8.668, 0.03
W3 = 8.367, 0.03
W2 = 8.387, 0.03
W1 = 8.351, 0.03
ra = 126.896830174
dec = 11.6674151174
parallax = 6.05523993143, 0.361693637212
name = EPIC 211401787
