g = 12.301, 0.01
i = 12.786, 0.01
H = 9.479, 0.024
K = 9.368, 0.023
J = 9.994, 0.023
r = 13.281, 0.01
u = 14.61, 0.023
W2 = 9.386, 0.02
W1 = 9.284, 0.022
W3 = 9.284, 0.037
z = 11.103, 0.01
ra = 178.161127537
dec = -3.09490923976
name = EPIC 201257461
parallax = 1.4560728539, 0.628150661164
