g = 11.354, 0.01
i = 10.698, 0.01
H = 9.364, 0.02
K = 9.259, 0.017
J = 9.698, 0.02
r = 10.867, 0.01
u = 12.679, 0.016
W2 = 9.251, 0.02
W1 = 9.237, 0.024
W3 = 9.162, 0.033
z = 11.702, 0.01
ra = 95.1830835396
dec = 24.9042623625
name = EPIC 202071289
parallax = 4.60721931686, 0.279712237942
