g = 11.389, 0.01
i = 10.263, 0.01
H = 8.594, 0.042
K = 8.516, 0.024
J = 9.082, 0.024
r = 10.535, 0.01
u = 13.782, 0.021
W2 = 8.514, 0.021
W1 = 8.419, 0.022
W3 = 8.441, 0.025
z = 10.35, 0.01
ra = 338.368215275
dec = -9.0229350288
parallax = 3.35372201325, 0.863954068186
name = EPIC 206247743
